42 162 1 2
11 25 100000
25 2 1103
1 12 1103
12 13 100000
13 2 8356
12 14 100000
14 2 2527
12 15 100000
15 2 18743
12 16 100000
16 2 5262
12 17 100000
17 2 1998
12 18 100000
12 20 100000
12 21 100000
21 2 10883
12 22 100000
22 2 13487
12 23 100000
23 2 9627
12 24 100000
24 2 4314
12 25 100000
12 26 100000
12 28 100000
12 29 100000
12 30 100000
12 31 100000
31 2 4471
12 32 100000
32 2 12237
12 33 100000
33 2 3210
12 34 100000
12 39 100000
12 41 100000
41 2 1390
12 42 100000
1 13 12403
13 12 100000
13 14 100000
13 15 100000
13 16 100000
13 17 100000
13 18 100000
13 21 100000
13 22 100000
13 23 100000
13 24 100000
13 25 100000
13 31 100000
13 32 100000
13 33 100000
13 34 100000
1 14 15987
14 13 100000
14 15 100000
14 16 100000
14 17 100000
14 22 100000
14 23 100000
14 24 100000
14 25 100000
14 33 100000
1 15 11518
15 16 100000
15 17 100000
15 18 100000
15 22 100000
15 23 100000
15 24 100000
15 25 100000
15 33 100000
1 16 2234
16 15 100000
16 17 100000
16 22 100000
16 23 100000
16 24 100000
16 25 100000
16 33 100000
17 16 100000
17 24 100000
17 25 100000
1 19 50
19 25 100000
1 20 5262
20 15 100000
20 16 100000
20 17 100000
20 21 100000
20 22 100000
20 23 100000
20 24 100000
20 25 100000
20 28 100000
20 30 100000
20 31 100000
20 32 100000
20 33 100000
1 21 10883
21 13 100000
21 15 100000
21 16 100000
21 17 100000
21 22 100000
21 23 100000
21 24 100000
21 25 100000
21 30 100000
21 31 100000
21 32 100000
21 33 100000
21 34 100000
1 22 13487
22 15 100000
22 16 100000
22 17 100000
22 21 100000
22 23 100000
22 24 100000
22 25 100000
22 32 100000
22 33 100000
23 16 100000
23 17 100000
23 22 100000
23 24 100000
23 25 100000
23 32 100000
23 33 100000
24 17 100000
24 23 100000
24 25 100000
24 33 100000
25 24 100000
28 22 100000
28 23 100000
28 24 100000
28 25 100000
28 31 100000
28 32 100000
28 33 100000
29 25 100000
30 24 100000
30 25 100000
30 32 100000
30 33 100000
31 23 100000
31 24 100000
31 25 100000
31 32 100000
31 33 100000
32 23 100000
32 24 100000
32 25 100000
32 33 100000
33 23 100000
33 24 100000
33 25 100000
39 25 100000
72927
