42 45 1 2
1 5 10063
5 13 100000
5 21 100000
21 2 8862
5 22 100000
22 2 7985
5 23 100000
23 2 9627
5 28 100000
28 2 4314
5 29 100000
29 2 8862
5 30 100000
30 2 17035
5 31 100000
31 2 17035
5 32 100000
32 2 12237
5 38 100000
5 39 100000
39 2 5124
5 40 100000
5 41 100000
41 2 1390
1 12 1103
12 30 100000
12 39 100000
12 40 100000
1 13 12403
13 30 100000
13 31 100000
13 32 100000
13 39 100000
13 40 100000
1 14 15987
14 30 100000
14 31 100000
14 32 100000
14 39 100000
14 40 100000
1 15 18743
15 40 100000
1 21 10883
21 39 100000
21 40 100000
50439
