42 208 1 2
1 5 521
5 2 521
5 7 100000
7 2 13797
5 13 100000
13 2 12403
5 14 100000
14 2 15987
5 15 100000
15 2 18743
5 16 100000
16 2 5262
1 7 13797
7 5 100000
7 8 100000
8 2 2387
7 13 100000
7 14 100000
7 15 100000
7 16 100000
1 8 2387
8 7 100000
8 13 100000
8 14 100000
8 15 100000
8 16 100000
8 17 100000
17 2 1998
8 22 100000
22 2 13487
9 15 100000
9 16 100000
12 13 100000
12 14 100000
12 15 100000
12 16 100000
12 20 100000
12 21 100000
21 2 5784
12 22 100000
12 23 100000
23 2 9627
1 13 12403
13 5 100000
13 7 100000
13 8 100000
13 12 100000
13 14 100000
13 15 100000
13 16 100000
13 17 100000
13 20 100000
13 21 100000
13 22 100000
13 23 100000
13 24 100000
1 14 15987
14 5 100000
14 7 100000
14 8 100000
14 12 100000
14 13 100000
14 15 100000
14 16 100000
14 17 100000
14 20 100000
14 21 100000
14 22 100000
14 23 100000
14 24 100000
1 15 18743
15 5 100000
15 7 100000
15 8 100000
15 9 100000
15 12 100000
15 13 100000
15 14 100000
15 16 100000
15 17 100000
15 18 100000
15 20 100000
15 21 100000
15 22 100000
15 23 100000
15 24 100000
15 25 100000
15 28 100000
15 30 100000
15 31 100000
15 32 100000
15 33 100000
1 16 5262
16 5 100000
16 7 100000
16 8 100000
16 9 100000
16 12 100000
16 13 100000
16 14 100000
16 15 100000
16 17 100000
16 18 100000
16 20 100000
16 21 100000
16 22 100000
16 23 100000
16 24 100000
16 25 100000
16 32 100000
16 33 100000
1 17 1998
17 8 100000
17 13 100000
17 14 100000
17 15 100000
17 16 100000
17 18 100000
17 21 100000
17 22 100000
17 23 100000
17 24 100000
17 25 100000
17 33 100000
18 15 100000
18 16 100000
18 17 100000
20 12 100000
20 13 100000
20 14 100000
20 15 100000
20 16 100000
20 21 100000
20 22 100000
1 21 5784
21 12 100000
21 13 100000
21 14 100000
21 15 100000
21 16 100000
21 17 100000
21 20 100000
21 22 100000
21 23 100000
21 24 100000
21 28 100000
21 32 100000
1 22 13487
22 8 100000
22 12 100000
22 13 100000
22 14 100000
22 15 100000
22 16 100000
22 17 100000
22 20 100000
22 21 100000
22 23 100000
22 24 100000
22 25 100000
22 31 100000
22 32 100000
22 33 100000
1 23 9627
23 12 100000
23 13 100000
23 14 100000
23 15 100000
23 16 100000
23 17 100000
23 21 100000
23 22 100000
23 24 100000
23 25 100000
23 32 100000
23 33 100000
24 13 100000
24 14 100000
24 15 100000
24 16 100000
24 17 100000
24 21 100000
24 22 100000
24 23 100000
24 25 100000
24 33 100000
25 15 100000
25 16 100000
25 17 100000
25 22 100000
25 23 100000
25 24 100000
28 15 100000
28 21 100000
30 15 100000
31 15 100000
31 22 100000
32 15 100000
32 16 100000
32 21 100000
32 22 100000
32 23 100000
33 15 100000
33 16 100000
33 17 100000
33 22 100000
33 23 100000
33 24 100000
99996
