42 340 1 2
11 20 100000
11 28 100000
28 2 4314
11 29 100000
29 2 8862
1 12 1103
12 2 1103
12 13 100000
13 2 6368
12 19 100000
12 20 100000
12 21 100000
21 2 10883
12 22 100000
22 2 13487
12 23 100000
23 2 8767
12 27 100000
12 28 100000
12 29 100000
12 30 100000
30 2 17035
12 31 100000
31 2 17035
12 32 100000
32 2 7018
12 37 100000
12 38 100000
12 39 100000
39 2 5124
1 13 12403
13 12 100000
13 14 100000
13 15 100000
13 19 100000
13 20 100000
13 21 100000
13 22 100000
13 23 100000
13 27 100000
13 28 100000
13 29 100000
13 30 100000
13 31 100000
13 32 100000
13 38 100000
13 39 100000
1 14 15987
14 13 100000
14 20 100000
14 21 100000
14 22 100000
14 28 100000
14 29 100000
1 15 18743
15 13 100000
15 16 100000
15 20 100000
15 21 100000
15 22 100000
15 23 100000
15 28 100000
15 29 100000
15 30 100000
15 31 100000
15 32 100000
15 38 100000
15 39 100000
1 16 5262
16 21 100000
16 22 100000
16 23 100000
16 28 100000
16 29 100000
16 30 100000
16 31 100000
16 32 100000
17 29 100000
19 20 100000
19 27 100000
19 28 100000
19 29 100000
19 38 100000
1 20 4979
20 11 100000
20 12 100000
20 13 100000
20 19 100000
20 21 100000
20 22 100000
20 23 100000
20 27 100000
20 28 100000
20 29 100000
20 30 100000
20 31 100000
20 32 100000
20 36 100000
20 37 100000
20 38 100000
20 39 100000
20 40 100000
20 41 100000
1 21 10883
21 11 100000
21 12 100000
21 13 100000
21 14 100000
21 15 100000
21 16 100000
21 17 100000
21 19 100000
21 20 100000
21 22 100000
21 23 100000
21 24 100000
21 25 100000
21 27 100000
21 28 100000
21 29 100000
21 30 100000
21 31 100000
21 32 100000
21 33 100000
21 36 100000
21 37 100000
21 38 100000
21 39 100000
21 40 100000
21 41 100000
21 42 100000
1 22 13487
22 12 100000
22 13 100000
22 15 100000
22 16 100000
22 20 100000
22 21 100000
22 23 100000
22 24 100000
22 27 100000
22 28 100000
22 29 100000
22 30 100000
22 31 100000
22 32 100000
22 33 100000
22 37 100000
22 38 100000
22 39 100000
22 40 100000
22 41 100000
22 42 100000
1 23 9627
23 20 100000
23 21 100000
23 22 100000
23 24 100000
23 27 100000
23 28 100000
23 29 100000
23 30 100000
23 31 100000
23 32 100000
23 33 100000
23 37 100000
23 38 100000
23 39 100000
23 40 100000
23 41 100000
23 42 100000
24 21 100000
24 22 100000
24 23 100000
24 28 100000
24 29 100000
24 30 100000
24 31 100000
24 32 100000
24 33 100000
24 38 100000
24 39 100000
24 41 100000
25 29 100000
27 20 100000
27 28 100000
27 29 100000
27 30 100000
27 31 100000
27 36 100000
27 37 100000
27 38 100000
1 28 4314
28 12 100000
28 19 100000
28 20 100000
28 21 100000
28 22 100000
28 23 100000
28 27 100000
28 29 100000
28 30 100000
28 31 100000
28 32 100000
28 36 100000
28 37 100000
28 38 100000
28 39 100000
28 40 100000
28 41 100000
29 20 100000
29 21 100000
29 22 100000
29 27 100000
29 28 100000
29 30 100000
29 31 100000
29 32 100000
29 36 100000
29 37 100000
29 38 100000
29 39 100000
29 40 100000
29 41 100000
30 20 100000
30 21 100000
30 22 100000
30 23 100000
30 27 100000
30 28 100000
30 29 100000
30 31 100000
30 32 100000
30 33 100000
30 37 100000
30 38 100000
30 39 100000
30 40 100000
30 41 100000
30 42 100000
1 31 3208
31 20 100000
31 21 100000
31 22 100000
31 23 100000
31 27 100000
31 28 100000
31 29 100000
31 30 100000
31 32 100000
31 33 100000
31 37 100000
31 38 100000
31 39 100000
31 40 100000
31 41 100000
31 42 100000
32 20 100000
32 21 100000
32 22 100000
32 23 100000
32 28 100000
32 29 100000
32 30 100000
32 31 100000
32 33 100000
32 37 100000
32 38 100000
32 39 100000
32 40 100000
32 41 100000
32 42 100000
33 21 100000
33 22 100000
33 23 100000
33 28 100000
33 29 100000
33 30 100000
33 31 100000
33 32 100000
33 38 100000
33 39 100000
33 40 100000
33 41 100000
33 42 100000
36 28 100000
36 29 100000
36 37 100000
37 28 100000
37 29 100000
37 30 100000
37 36 100000
37 38 100000
38 27 100000
38 28 100000
38 29 100000
38 30 100000
38 31 100000
38 32 100000
38 37 100000
38 39 100000
38 40 100000
38 41 100000
39 20 100000
39 21 100000
39 28 100000
39 29 100000
39 30 100000
39 31 100000
39 32 100000
39 37 100000
39 38 100000
39 40 100000
39 41 100000
39 42 100000
40 28 100000
40 29 100000
40 30 100000
40 31 100000
40 32 100000
40 38 100000
40 39 100000
40 41 100000
41 28 100000
41 29 100000
41 30 100000
41 31 100000
41 32 100000
41 38 100000
41 39 100000
41 40 100000
41 42 100000
42 29 100000
42 30 100000
42 31 100000
42 32 100000
42 38 100000
42 39 100000
42 40 100000
42 41 100000
99996
