42 88 1 2
1 4 3208
4 2 3208
4 5 100000
5 2 10063
4 7 100000
7 2 13797
4 11 100000
4 12 100000
12 2 1103
4 13 100000
13 2 12403
4 14 100000
14 2 15987
4 15 100000
15 2 11518
4 19 100000
19 2 50
4 20 100000
20 2 5262
4 21 100000
21 2 10883
4 22 100000
22 2 13487
4 28 100000
1 5 10063
5 4 100000
5 7 100000
5 11 100000
5 12 100000
5 13 100000
5 14 100000
5 15 100000
5 20 100000
5 21 100000
1 7 13797
7 12 100000
7 13 100000
7 14 100000
11 4 100000
11 12 100000
11 13 100000
11 14 100000
11 19 100000
11 20 100000
11 21 100000
1 12 1103
12 11 100000
12 13 100000
12 14 100000
12 15 100000
12 19 100000
12 20 100000
12 21 100000
12 28 100000
1 13 12403
13 11 100000
13 12 100000
13 14 100000
13 15 100000
13 20 100000
13 21 100000
13 22 100000
1 14 15987
14 12 100000
14 13 100000
14 15 100000
14 20 100000
14 21 100000
1 15 18743
15 12 100000
15 13 100000
15 14 100000
1 19 50
19 11 100000
19 12 100000
19 13 100000
19 20 100000
1 20 5262
20 12 100000
20 13 100000
20 19 100000
20 21 100000
21 12 100000
21 13 100000
21 20 100000
22 12 100000
1 28 791
28 12 100000
81407
