42 50 1 2
1 4 3208
4 2 3208
4 5 100000
5 2 10063
4 7 100000
7 2 13797
4 8 100000
8 2 2387
4 11 100000
4 12 100000
12 2 1103
4 13 100000
13 2 12403
4 14 100000
14 2 15987
4 15 100000
15 2 18743
1 5 10063
5 4 100000
5 7 100000
5 13 100000
5 14 100000
1 7 13797
7 5 100000
7 14 100000
11 4 100000
11 5 100000
11 12 100000
11 13 100000
1 12 1103
12 4 100000
12 5 100000
12 7 100000
12 13 100000
12 14 100000
1 13 12403
13 5 100000
13 7 100000
13 12 100000
13 14 100000
1 14 15987
14 5 100000
14 7 100000
14 13 100000
14 15 100000
1 15 18743
15 5 100000
15 14 100000
1 19 50
19 5 100000
75354
