42 101 1 2
1 7 13797
7 34 100000
1 8 2387
8 34 100000
1 12 1103
12 34 100000
1 13 12403
13 15 100000
13 16 100000
16 2 5262
13 17 100000
17 2 1998
13 21 100000
21 2 10883
13 22 100000
22 2 13487
13 23 100000
23 2 9627
13 24 100000
24 2 4314
13 25 100000
25 2 1103
13 26 100000
13 33 100000
33 2 3210
13 34 100000
1 14 15987
14 13 100000
14 15 100000
14 16 100000
14 17 100000
14 18 100000
14 21 100000
14 22 100000
14 23 100000
14 24 100000
14 25 100000
14 26 100000
14 32 100000
32 2 12237
14 33 100000
14 34 100000
1 15 18743
15 16 100000
15 17 100000
15 18 100000
15 22 100000
15 23 100000
15 24 100000
15 25 100000
15 26 100000
15 33 100000
15 34 100000
1 16 5262
16 17 100000
16 18 100000
16 22 100000
16 23 100000
16 24 100000
16 25 100000
16 26 100000
16 33 100000
16 34 100000
17 18 100000
17 24 100000
17 25 100000
17 26 100000
17 33 100000
17 34 100000
18 26 100000
18 34 100000
1 21 8470
21 22 100000
21 23 100000
21 24 100000
21 25 100000
21 33 100000
21 34 100000
1 22 3310
22 17 100000
22 23 100000
22 24 100000
22 25 100000
22 26 100000
22 33 100000
22 34 100000
23 24 100000
23 25 100000
23 33 100000
23 34 100000
24 23 100000
24 25 100000
24 26 100000
24 33 100000
24 34 100000
25 26 100000
25 34 100000
26 34 100000
32 34 100000
33 25 100000
33 34 100000
62121
