42 138 1 2
4 11 100000
4 19 100000
19 2 50
1 5 521
5 19 100000
1 7 13797
7 19 100000
11 19 100000
12 11 100000
12 2 1103
12 13 100000
13 2 12403
12 19 100000
12 20 100000
20 2 5262
12 21 100000
21 2 10883
12 27 100000
27 2 1105
12 28 100000
28 2 4314
1 13 12403
13 4 100000
4 2 3208
13 11 100000
13 12 100000
13 14 100000
14 2 15987
13 15 100000
15 2 18743
13 19 100000
13 20 100000
13 21 100000
13 22 100000
22 2 6701
13 27 100000
13 28 100000
1 14 15987
14 4 100000
14 11 100000
14 12 100000
14 13 100000
14 15 100000
14 19 100000
14 20 100000
14 21 100000
14 22 100000
14 27 100000
14 28 100000
1 15 18743
15 4 100000
15 5 100000
5 2 9674
15 11 100000
15 12 100000
15 13 100000
15 14 100000
15 16 100000
15 19 100000
15 20 100000
15 21 100000
15 22 100000
15 23 100000
15 24 100000
15 27 100000
15 28 100000
15 29 100000
29 2 8862
15 30 100000
15 31 100000
1 16 5262
16 11 100000
16 12 100000
16 13 100000
16 14 100000
16 15 100000
16 19 100000
16 20 100000
16 21 100000
16 22 100000
16 23 100000
16 28 100000
1 17 1998
17 12 100000
17 19 100000
17 20 100000
17 21 100000
19 11 100000
19 20 100000
20 11 100000
20 12 100000
20 19 100000
20 27 100000
20 28 100000
1 21 5784
21 11 100000
21 12 100000
21 13 100000
21 19 100000
21 20 100000
21 22 100000
21 27 100000
21 28 100000
21 29 100000
1 22 13487
22 11 100000
22 12 100000
22 13 100000
22 15 100000
22 19 100000
22 20 100000
22 21 100000
22 23 100000
22 27 100000
22 28 100000
22 29 100000
1 23 9627
23 11 100000
23 12 100000
23 13 100000
23 19 100000
23 20 100000
23 21 100000
23 22 100000
23 28 100000
24 19 100000
24 20 100000
24 21 100000
27 19 100000
28 19 100000
28 20 100000
28 27 100000
29 19 100000
29 20 100000
29 28 100000
30 19 100000
31 19 100000
32 19 100000
97609
