42 97 1 2
1 4 3208
4 11 100000
4 12 100000
12 2 1103
4 13 100000
13 2 12403
4 19 100000
19 2 50
4 20 100000
20 2 5262
4 21 100000
21 2 10883
4 28 100000
28 2 4314
1 5 10063
5 4 100000
5 7 100000
5 11 100000
5 12 100000
5 13 100000
5 14 100000
14 2 15987
5 15 100000
15 2 11542
5 16 100000
5 19 100000
5 20 100000
5 21 100000
5 22 100000
22 2 13487
5 23 100000
23 2 9627
5 27 100000
27 2 1105
5 28 100000
5 29 100000
29 2 8862
1 7 13797
7 5 100000
7 12 100000
7 13 100000
7 14 100000
7 15 100000
7 19 100000
7 20 100000
7 21 100000
7 28 100000
11 12 100000
11 19 100000
11 20 100000
1 12 1103
12 11 100000
12 13 100000
12 19 100000
12 20 100000
12 21 100000
12 28 100000
1 13 12403
13 11 100000
13 12 100000
13 14 100000
13 15 100000
13 19 100000
13 20 100000
13 21 100000
13 22 100000
13 28 100000
1 14 15987
14 11 100000
14 12 100000
14 13 100000
14 15 100000
14 19 100000
14 20 100000
14 21 100000
14 22 100000
14 28 100000
1 15 18743
15 12 100000
15 13 100000
15 20 100000
15 21 100000
15 22 100000
16 20 100000
19 20 100000
20 12 100000
20 19 100000
20 21 100000
20 28 100000
1 21 10883
21 12 100000
21 20 100000
21 28 100000
1 22 11422
22 20 100000
22 21 100000
28 20 100000
94625
