42 65 1 2
1 4 3208
4 11 100000
4 12 100000
4 13 100000
4 19 100000
4 20 100000
20 2 5262
4 21 100000
21 2 10883
4 27 100000
27 2 1105
4 28 100000
28 2 4314
4 29 100000
29 2 8862
4 30 100000
30 2 17035
4 31 100000
31 2 17035
4 32 100000
32 2 12237
4 37 100000
4 38 100000
4 39 100000
39 2 5124
4 40 100000
11 19 100000
11 20 100000
11 28 100000
11 29 100000
11 30 100000
11 38 100000
1 12 1103
12 20 100000
12 21 100000
12 28 100000
12 29 100000
12 30 100000
12 31 100000
12 38 100000
12 39 100000
1 13 12403
13 21 100000
13 28 100000
13 29 100000
13 30 100000
13 31 100000
13 38 100000
1 19 50
19 28 100000
19 29 100000
19 38 100000
1 20 5262
20 28 100000
20 29 100000
20 30 100000
20 38 100000
21 29 100000
21 30 100000
21 38 100000
1 28 791
28 29 100000
28 38 100000
1 29 8862
29 38 100000
31679
