42 63 1 2
1 5 10063
5 17 100000
17 2 1998
5 18 100000
1 7 13797
7 2 13797
7 8 100000
8 2 2387
7 9 100000
7 14 100000
14 2 15987
7 15 100000
15 2 18743
7 16 100000
16 2 5262
7 17 100000
7 18 100000
7 22 100000
22 2 13487
7 23 100000
23 2 9627
7 24 100000
24 2 4314
7 25 100000
25 2 1103
7 26 100000
1 8 2387
8 9 100000
8 16 100000
8 17 100000
8 18 100000
8 24 100000
8 25 100000
8 26 100000
9 18 100000
1 13 12403
13 18 100000
1 14 15987
14 15 100000
14 16 100000
14 17 100000
14 18 100000
14 24 100000
14 25 100000
1 15 18743
15 16 100000
15 17 100000
15 18 100000
15 24 100000
15 25 100000
1 16 5262
16 17 100000
16 18 100000
16 24 100000
16 25 100000
1 17 1998
17 18 100000
17 24 100000
17 25 100000
22 18 100000
24 18 100000
24 25 100000
25 18 100000
63591
